3DG1
18
0 4 -12
0 3 0
0 -6 10
0 0 80
-35 -10 -40
35 -10 -40
13 17 -27
-13 17 -27
-16 -6 -6
16 -6 -6
9 0 0
-9 0 0
-17 0 0
17 0 0
-4 10 0
4 10 0
13 4 10
-13 4 10
3 0 10 1 10
3 1 11 0 10
3 11 14 0 14
3 0 15 10 18
3 11 10 2 14
3 3 14 11 16
3 10 15 3 20
3 11 12 8 43
3 4 8 12 12
3 10 13 5 20
3 9 13 10 43
3 13 9 5 18
3 9 10 5 14
3 4 11 8 16
3 12 11 4 20
3 14 15 0 16
3 2 3 11 12
3 10 3 2 16
3 3 15 14 18
3 11 1 10 43
3 16 10 13 28
3 12 11 17 28
3 16 13 6 34
3 10 16 6 32
3 7 12 17 32
3 7 17 11 34
3 13 10 6 30
3 7 11 12 30
