3DG1
18
0 0 -10
11 -4 0
0 -2 0
-11 -4 0
-4 6 0
4 6 0
0 -8 20
0 -2 80
-21 -4 0
-19 -9 -6
-37 -14 -40
21 -4 0
37 -14 -40
19 -9 -6
15 -10 20
-15 -10 20
21 13 -20
-21 13 -20
3 0 1 2 10
3 2 3 0 10
2 0 2 10
3 3 4 0 14
3 0 5 1 18
3 3 1 6 14
3 7 4 3 16
3 1 5 7 20
3 3 8 9 44
3 10 9 8 1
3 1 11 12 0
3 13 11 1 44
3 14 1 11 28
3 11 13 12 0
3 13 1 12 1
3 10 3 9 0
3 8 3 10 0
3 8 3 15 28
3 14 11 16 34
3 1 14 16 32
3 17 8 15 32
3 17 15 3 34
3 11 1 16 30
3 17 3 8 30
3 4 5 0 16
3 6 7 3 12
3 1 7 6 16
3 7 5 4 18
3 3 2 1 43
